"","dh1","dh2","dh3","dl1","ma1","ma12","ma13","ma14","ma17","ma20","ma23","mh1","mh21","ra1","ra3","ta1","ta2","bio_04_all_de.r","bio_08_all_de.r","bio_09_all_de.r","bio_12_all_de.r","bio_13_all_de.r","bio_14_all_de.r","Bio015_worldclim","Bio02_worldclim","Bio04_worldclim","Bio07_worldclim","Bio08_worldclim","Bio09_worldclim"
"dh1",1,0.999988525494029,0.999971637062157,0.987668656863578,0.999919999348934,0.999890540692117,0.999890538296601,0.999778782015268,0.999545823937089,0.999865572350574,0.999890235058126,0.999962101421956,-0.234243788949947,0.999852872926001,0.999793250708418,0.0279877424173631,0.0847761429412591,0.0817103389002705,0.0419068476618655,0.0385462533587298,0.999892455436142,0.999628377958089,0.999899054286105,0.0674898177273742,-0.132724769418002,-0.0856890787558748,-0.135411488940141,0.122881602352697,0.0449210016628908
"dh2",0.999988525494029,1,0.999995462556495,0.988372977813752,0.999956726131768,0.999942578809468,0.999942579610845,0.999803145061357,0.999559003758843,0.999912284344882,0.999942397772117,0.999974835995028,-0.232124449531538,0.999763570064518,0.999687741475584,0.0240076635471175,0.0810088587317141,0.0816092959011774,0.0413977193024631,0.0384517627194668,0.999925322141818,0.999666226949255,0.999933725657982,0.0679062877192154,-0.132037429409566,-0.0858851214692023,-0.135273727372545,0.123407176880629,0.0449398042673061
"dh3",0.999971637062157,0.999995462556495,1,0.988787695430738,0.999976612563291,0.999951861821581,0.999951864191487,0.999833991277692,0.999591193513522,0.999924399854117,0.999951749467056,0.999961187276144,-0.231324950746803,0.999711215324798,0.999626575465097,0.0219442222801543,0.0790796361435462,0.0819814053092293,0.041186461140312,0.038007038736017,0.999947297421162,0.99971164936631,0.999950650238655,0.068168226073305,-0.13143234340318,-0.0856278130051812,-0.134811656692529,0.1237742249153,0.0448043905705449
"dl1",0.987668656863578,0.988372977813752,0.988787695430738,1,0.989258864541665,0.989486594175809,0.989486718154777,0.988922247550616,0.988390356488288,0.989443980414665,0.989489821039807,0.988270808475951,-0.191852894675179,0.985164557481057,0.984644696630227,-0.0817879054370393,-0.0176784079417309,0.0863801624037148,0.0338964046768004,0.0253725678382541,0.989157132739713,0.989477777637223,0.989092326896986,0.0855390573969766,-0.105896513110783,-0.087254244838239,-0.124597543686921,0.143249828659656,0.0412055908776473
"ma1",0.999919999348934,0.999956726131768,0.999976612563291,0.989258864541665,1,0.999898020792647,0.999898028725683,0.999915709118373,0.999730324213791,0.999906880809492,0.999897999387517,0.999880792350018,-0.230253186633381,0.999649256198796,0.999551832325725,0.0190649738792309,0.0762608094008421,0.0832713512414182,0.0420981691712599,0.0364750386069839,0.999991856251435,0.999835821901705,0.999958409105212,0.0687763688056339,-0.130362602331461,-0.0846704509976109,-0.133671531750001,0.124470821265789,0.0443400725951576
"ma12",0.999890540692117,0.999942578809468,0.999951861821581,0.989486594175809,0.999898020792647,1,0.999999995392789,0.999646257511605,0.999333811809176,0.999927049560986,0.999999994156288,0.999965271075482,-0.229770857343323,0.999494965056439,0.999397789184004,0.0185055982771288,0.076013119774527,0.079838493850143,0.0397128061409416,0.0398118457940609,0.999838061578444,0.999509822235884,0.999883954099426,0.0686852330719352,-0.131802427484351,-0.0877372419057522,-0.136549135847289,0.12398266765284,0.0454244836202354
"ma13",0.999890538296601,0.999942579610845,0.999951864191487,0.989486718154777,0.999898028725683,0.999999995392789,1,0.999646269486862,0.999333839335594,0.999927049647408,0.999999994181605,0.999965266680108,-0.229768213252772,0.999494956980648,0.999397774122358,0.0185032908714233,0.0760105722970228,0.0798377134113783,0.039712741320517,0.0398113458485366,0.999838072423168,0.99950984811506,0.999883961929166,0.0686864059498543,-0.131802577105015,-0.0877383856345623,-0.136550503948674,0.123982085233179,0.0454257032055115
"ma14",0.999778782015268,0.999803145061357,0.999833991277692,0.988922247550616,0.999915709118373,0.999646257511605,0.999646269486862,1,0.999864873895092,0.999687187127088,0.999646231477271,0.999641723556503,-0.230373955596875,0.9996034159575,0.999505206901282,0.0195578273403747,0.076564380350376,0.0869327039376068,0.0428423945132562,0.0336265819346735,0.999941958039981,0.999944746133039,0.999873435068595,0.0679006041788567,-0.12832939372566,-0.0809328472089423,-0.129941983849855,0.124902141476443,0.0434436439622168
"ma17",0.999545823937089,0.999559003758843,0.999591193513522,0.988390356488288,0.999730324213791,0.999333811809176,0.999333839335594,0.999864873895092,1,0.999402942745712,0.999333763947726,0.999345984307539,-0.230522473883376,0.999466462007112,0.999369969524008,0.0196471642581768,0.0763077338466336,0.0856768124376462,0.0460353211563903,0.0330988102665963,0.999812683571357,0.999897169738185,0.999677578950936,0.0694828694532758,-0.129207127223045,-0.0819830022788003,-0.131671285453818,0.125137464084355,0.0436429041489674
"ma20",0.999865572350574,0.999912284344882,0.999924399854117,0.989443980414665,0.999906880809492,0.999927049560986,0.999927049647408,0.999687187127088,0.999402942745712,1,0.999927017795414,0.999898795989447,-0.230670827923637,0.999523458545649,0.999426202718444,0.0188598469216978,0.0761565199733346,0.0818886139553659,0.0423855874015347,0.0373783504714521,0.999868680550087,0.999585767292317,0.999817926585978,0.0698692723131233,-0.131837111755519,-0.0870965189793873,-0.135850629941138,0.124072576663576,0.044211738163213
"ma23",0.999890235058126,0.999942397772117,0.999951749467056,0.989489821039807,0.999897999387517,0.999999994156288,0.999999994181605,0.999646231477271,0.999333763947726,0.999927017795414,1,0.999965061832014,-0.229752797610386,0.999494250967718,0.999396956257578,0.0184793015786655,0.0759880318285995,0.0798365228120986,0.0397080154040476,0.039814044923682,0.999838036425973,0.999509859881068,0.999883944774489,0.0686865921510912,-0.131798614926326,-0.0877390104116374,-0.13654914741156,0.123982119809429,0.0454264744990044
"mh1",0.999962101421956,0.999974835995028,0.999961187276144,0.988270808475951,0.999880792350018,0.999965271075482,0.999965266680108,0.999641723556503,0.999345984307539,0.999898795989447,0.999965061832014,1,-0.232594477994934,0.999697241011081,0.999626421970924,0.0248812850889149,0.0819693553307339,0.0798221681774771,0.040625214086769,0.0401656991265153,0.999825648716413,0.999474966310797,0.999872006341892,0.0678948746393468,-0.133056219600786,-0.0875107827080373,-0.136922612725434,0.123049645377257,0.0454847655595949
"mh21",-0.234243788949947,-0.232124449531538,-0.231324950746803,-0.191852894675179,-0.230253186633381,-0.229770857343323,-0.229768213252772,-0.230373955596875,-0.230522473883376,-0.230670827923637,-0.229752797610386,-0.232594477994934,1,-0.24107407314335,-0.244330915080925,-0.800246593258763,-0.838227845342775,-0.0728677296401334,-0.146429743112336,0.0333762468660712,-0.230353782579922,-0.231766545361024,-0.230052428357691,-0.06130725301771,0.111894358063372,0.0342790632132785,0.0675885521188314,-0.0329109161553665,0.0160340276669433
"ra1",0.999852872926001,0.999763570064518,0.999711215324798,0.985164557481057,0.999649256198796,0.999494965056439,0.999494956980648,0.9996034159575,0.999466462007112,0.999523458545649,0.999494250967718,0.999697241011081,-0.24107407314335,1,0.999991437353811,0.0407333297019965,0.0966987605301379,0.0829609982563672,0.0446144041585845,0.0378252384694413,0.999655212202993,0.99943607906541,0.999623237306709,0.0662433208612324,-0.134657915369372,-0.0842771740882649,-0.135189630106121,0.121251848823645,0.0446158800144145
"ra3",0.999793250708418,0.999687741475584,0.999626575465097,0.984644696630227,0.999551832325725,0.999397789184004,0.999397774122358,0.999505206901282,0.999369969524008,0.999426202718444,0.999396956257578,0.999626421970924,-0.244330915080925,0.999991437353811,1,0.0446774716985025,0.100604274789437,0.0829266684857134,0.0449111700993309,0.0379742194903791,0.999557772278179,0.999331547596388,0.999527160205193,0.0660413146917036,-0.135283889648949,-0.0843307191711853,-0.135467691801519,0.12086666685187,0.0446360026492017
"ta1",0.0279877424173631,0.0240076635471175,0.0219442222801543,-0.0817879054370393,0.0190649738792309,0.0185055982771288,0.0185032908714233,0.0195578273403747,0.0196471642581768,0.0188598469216978,0.0184793015786655,0.0248812850889149,-0.800246593258763,0.0407333297019965,0.0446774716985025,1,0.994867322651957,0.02076252684309,0.0862991123481277,0.0196906145488784,0.019135584606919,0.0184813798160838,0.0193692724861836,-0.0424077702543128,-0.156059249333026,-0.00131354932446541,-0.0583477109422646,-0.0887395836836559,0.00480308068399462
"ta2",0.0847761429412591,0.0810088587317141,0.0790796361435462,-0.0176784079417309,0.0762608094008421,0.076013119774527,0.0760105722970228,0.076564380350376,0.0763077338466336,0.0761565199733346,0.0759880318285995,0.0819693553307339,-0.838227845342775,0.0966987605301379,0.100604274789437,0.994867322651957,1,0.023382772105146,0.0687989405059241,0.0245248038821312,0.0762320457329916,0.0756872863001664,0.076554744037367,-0.0350193833263666,-0.160110610630142,-0.0089603862855852,-0.0655658318420162,-0.0809976599211703,0.00759074257358838
"bio_04_all_de.r",0.0817103389002705,0.0816092959011774,0.0819814053092293,0.0863801624037148,0.0832713512414182,0.079838493850143,0.0798377134113783,0.0869327039376068,0.0856768124376462,0.0818886139553659,0.0798365228120986,0.0798221681774771,-0.0728677296401334,0.0829609982563672,0.0829266684857134,0.02076252684309,0.023382772105146,1,0.0523197723053228,-0.594530192327867,0.0837302447660625,0.0873388425903893,0.0825421231741394,0.00576537429701314,0.248367236472529,0.906969285676205,0.846733440334493,0.0173331493501851,-0.356751587542687
"bio_08_all_de.r",0.0419068476618655,0.0413977193024631,0.041186461140312,0.0338964046768004,0.0420981691712599,0.0397128061409416,0.039712741320517,0.0428423945132562,0.0460353211563903,0.0423855874015347,0.0397080154040476,0.040625214086769,-0.146429743112336,0.0446144041585845,0.0449111700993309,0.0862991123481277,0.0687989405059241,0.0523197723053228,1,-0.118634169357353,0.0429795298057306,0.0439031326516985,0.0427040778515285,0.119573526266942,0.180333171262401,-0.0168115545503753,0.064633196209447,0.371736927337087,-0.111894860830906
"bio_09_all_de.r",0.0385462533587298,0.0384517627194668,0.038007038736017,0.0253725678382541,0.0364750386069839,0.0398118457940609,0.0398113458485366,0.0336265819346735,0.0330988102665963,0.0373783504714521,0.039814044923682,0.0401656991265153,0.0333762468660712,0.0378252384694413,0.0379742194903791,0.0196906145488784,0.0245248038821312,-0.594530192327867,-0.118634169357353,1,0.0357903413433252,0.032138574620696,0.0377155416873611,-0.167106904459863,-0.361489390035736,-0.558900500497156,-0.596840819815095,-0.155776288661678,0.303548873070476
"bio_12_all_de.r",0.999892455436142,0.999925322141818,0.999947297421162,0.989157132739713,0.999991856251435,0.999838061578444,0.999838072423168,0.999941958039981,0.999812683571357,0.999868680550087,0.999838036425973,0.999825648716413,-0.230353782579922,0.999655212202993,0.999557772278179,0.019135584606919,0.0762320457329916,0.0837302447660625,0.0429795298057306,0.0357903413433252,1,0.999883728486442,0.999941926793022,0.0690387016819621,-0.130238215841232,-0.0842927642816593,-0.133406076859333,0.124585695375656,0.0441483197363603
"bio_13_all_de.r",0.999628377958089,0.999666226949255,0.99971164936631,0.989477777637223,0.999835821901705,0.999509822235884,0.99950984811506,0.999944746133039,0.999897169738185,0.999585767292317,0.999509859881068,0.999474966310797,-0.231766545361024,0.99943607906541,0.999331547596388,0.0184813798160838,0.0756872863001664,0.0873388425903893,0.0439031326516985,0.032138574620696,0.999883728486442,1,0.999769620462869,0.0689991461648057,-0.128148103887012,-0.0813823458865301,-0.130278208083874,0.125583798522828,0.0433335919900483
"bio_14_all_de.r",0.999899054286105,0.999933725657982,0.999950650238655,0.989092326896986,0.999958409105212,0.999883954099426,0.999883961929166,0.999873435068595,0.999677578950936,0.999817926585978,0.999883944774489,0.999872006341892,-0.230052428357691,0.999623237306709,0.999527160205193,0.0193692724861836,0.076554744037367,0.0825421231741394,0.0427040778515285,0.0377155416873611,0.999941926793022,0.999769620462869,1,0.0680021862945281,-0.130145457602799,-0.0847669546623324,-0.133766996122758,0.124903111109356,0.0450082326728712
"Bio015_worldclim",0.0674898177273742,0.0679062877192154,0.068168226073305,0.0855390573969766,0.0687763688056339,0.0686852330719352,0.0686864059498543,0.0679006041788567,0.0694828694532758,0.0698692723131233,0.0686865921510912,0.0678948746393468,-0.06130725301771,0.0662433208612324,0.0660413146917036,-0.0424077702543128,-0.0350193833263666,0.00576537429701314,0.119573526266942,-0.167106904459863,0.0690387016819621,0.0689991461648057,0.0680021862945281,1,0.215124852995495,-0.0551015839521759,-0.00896885267955468,0.318571078313514,-0.0173851605517632
"Bio02_worldclim",-0.132724769418002,-0.132037429409566,-0.13143234340318,-0.105896513110783,-0.130362602331461,-0.131802427484351,-0.131802577105015,-0.12832939372566,-0.129207127223045,-0.131837111755519,-0.131798614926326,-0.133056219600786,0.111894358063372,-0.134657915369372,-0.135283889648949,-0.156059249333026,-0.160110610630142,0.248367236472529,0.180333171262401,-0.361489390035736,-0.130238215841232,-0.128148103887012,-0.130145457602799,0.215124852995495,1,0.286690318017481,0.607344422629305,0.312854513043714,-0.164039790846057
"Bio04_worldclim",-0.0856890787558748,-0.0858851214692023,-0.0856278130051812,-0.087254244838239,-0.0846704509976109,-0.0877372419057522,-0.0877383856345623,-0.0809328472089423,-0.0819830022788003,-0.0870965189793873,-0.0877390104116374,-0.0875107827080373,0.0342790632132785,-0.0842771740882649,-0.0843307191711853,-0.00131354932446541,-0.0089603862855852,0.906969285676205,-0.0168115545503753,-0.558900500497156,-0.0842927642816593,-0.0813823458865301,-0.0847669546623324,-0.0551015839521759,0.286690318017481,1,0.904736031615775,-0.0420521026065778,-0.316902250137092
"Bio07_worldclim",-0.135411488940141,-0.135273727372545,-0.134811656692529,-0.124597543686921,-0.133671531750001,-0.136549135847289,-0.136550503948674,-0.129941983849855,-0.131671285453818,-0.135850629941138,-0.13654914741156,-0.136922612725434,0.0675885521188314,-0.135189630106121,-0.135467691801519,-0.0583477109422646,-0.0655658318420162,0.846733440334493,0.064633196209447,-0.596840819815095,-0.133406076859333,-0.130278208083874,-0.133766996122758,-0.00896885267955468,0.607344422629305,0.904736031615775,1,0.0755807701389917,-0.357623164824372
"Bio08_worldclim",0.122881602352697,0.123407176880629,0.1237742249153,0.143249828659656,0.124470821265789,0.12398266765284,0.123982085233179,0.124902141476443,0.125137464084355,0.124072576663576,0.123982119809429,0.123049645377257,-0.0329109161553665,0.121251848823645,0.12086666685187,-0.0887395836836559,-0.0809976599211703,0.0173331493501851,0.371736927337087,-0.155776288661678,0.124585695375656,0.125583798522828,0.124903111109356,0.318571078313514,0.312854513043714,-0.0420521026065778,0.0755807701389917,1,-0.118347648833646
"Bio09_worldclim",0.0449210016628908,0.0449398042673061,0.0448043905705449,0.0412055908776473,0.0443400725951576,0.0454244836202354,0.0454257032055115,0.0434436439622168,0.0436429041489674,0.044211738163213,0.0454264744990044,0.0454847655595949,0.0160340276669433,0.0446158800144145,0.0446360026492017,0.00480308068399462,0.00759074257358838,-0.356751587542687,-0.111894860830906,0.303548873070476,0.0441483197363603,0.0433335919900483,0.0450082326728712,-0.0173851605517632,-0.164039790846057,-0.316902250137092,-0.357623164824372,-0.118347648833646,1
